e =

   0   1   0   1   1   1   0   0
   1   1   1   1   1   1   0   0
   1   1   1   0   0   0   0   1
   1   0   0   0   1   1   0   0
   1   1   1   0   0   1   0   1

cnt =  1
percept =

   1   1   0

action = r
e =

   0   1   0   1   1   1   0   0
   1   1   1   1   1   1   0   0
   1   1   1   0   0   0   0   1
   1   0   0   0   1   1   0   0
   1   1   1   0   0   1   0   1

cnt =  2
percept =

   1   2   1

action = s
e =

   0   0   0   1   1   1   0   0
   1   1   1   1   1   1   0   0
   1   1   1   0   0   0   0   1
   1   0   0   0   1   1   0   0
   1   1   1   0   0   1   0   1

cnt =  3
percept =

   1   2   0

action = r
e =

   0   0   0   1   1   1   0   0
   1   1   1   1   1   1   0   0
   1   1   1   0   0   0   0   1
   1   0   0   0   1   1   0   0
   1   1   1   0   0   1   0   1

cnt =  4
percept =

   1   3   0

action = r
e =

   0   0   0   1   1   1   0   0
   1   1   1   1   1   1   0   0
   1   1   1   0   0   0   0   1
   1   0   0   0   1   1   0   0
   1   1   1   0   0   1   0   1

cnt =  5
percept =

   1   4   1

action = s
e =

   0   0   0   0   1   1   0   0
   1   1   1   1   1   1   0   0
   1   1   1   0   0   0   0   1
   1   0   0   0   1   1   0   0
   1   1   1   0   0   1   0   1

cnt =  6
percept =

   1   4   0

action = r
e =

   0   0   0   0   1   1   0   0
   1   1   1   1   1   1   0   0
   1   1   1   0   0   0   0   1
   1   0   0   0   1   1   0   0
   1   1   1   0   0   1   0   1

cnt =  7
percept =

   1   5   1

action = s
e =

   0   0   0   0   0   1   0   0
   1   1   1   1   1   1   0   0
   1   1   1   0   0   0   0   1
   1   0   0   0   1   1   0   0
   1   1   1   0   0   1   0   1

cnt =  8
percept =

   1   5   0

action = r
e =

   0   0   0   0   0   1   0   0
   1   1   1   1   1   1   0   0
   1   1   1   0   0   0   0   1
   1   0   0   0   1   1   0   0
   1   1   1   0   0   1   0   1

cnt =  9
percept =

   1   6   1

action = s
e =

   0   0   0   0   0   0   0   0
   1   1   1   1   1   1   0   0
   1   1   1   0   0   0   0   1
   1   0   0   0   1   1   0   0
   1   1   1   0   0   1   0   1

cnt =  10
percept =

   1   6   0

action = r
e =

   0   0   0   0   0   0   0   0
   1   1   1   1   1   1   0   0
   1   1   1   0   0   0   0   1
   1   0   0   0   1   1   0   0
   1   1   1   0   0   1   0   1

cnt =  11
percept =

   1   7   0

action = r
e =

   0   0   0   0   0   0   0   0
   1   1   1   1   1   1   0   0
   1   1   1   0   0   0   0   1
   1   0   0   0   1   1   0   0
   1   1   1   0   0   1   0   1

cnt =  12
percept =

   1   8   0

action = d
e =

   0   0   0   0   0   0   0   0
   1   1   1   1   1   1   0   0
   1   1   1   0   0   0   0   1
   1   0   0   0   1   1   0   0
   1   1   1   0   0   1   0   1

cnt =  13
percept =

   2   8   0

action = l
e =

   0   0   0   0   0   0   0   0
   1   1   1   1   1   1   0   0
   1   1   1   0   0   0   0   1
   1   0   0   0   1   1   0   0
   1   1   1   0   0   1   0   1

cnt =  14
percept =

   2   7   0

action = l
e =

   0   0   0   0   0   0   0   0
   1   1   1   1   1   1   0   0
   1   1   1   0   0   0   0   1
   1   0   0   0   1   1   0   0
   1   1   1   0   0   1   0   1

cnt =  15
percept =

   2   6   1

action = s
e =

   0   0   0   0   0   0   0   0
   1   1   1   1   1   0   0   0
   1   1   1   0   0   0   0   1
   1   0   0   0   1   1   0   0
   1   1   1   0   0   1   0   1

cnt =  16
percept =

   2   6   0

action = l
e =

   0   0   0   0   0   0   0   0
   1   1   1   1   1   0   0   0
   1   1   1   0   0   0   0   1
   1   0   0   0   1   1   0   0
   1   1   1   0   0   1   0   1

cnt =  17
percept =

   2   5   1

action = s
e =

   0   0   0   0   0   0   0   0
   1   1   1   1   0   0   0   0
   1   1   1   0   0   0   0   1
   1   0   0   0   1   1   0   0
   1   1   1   0   0   1   0   1

cnt =  18
percept =

   2   5   0

action = l
e =

   0   0   0   0   0   0   0   0
   1   1   1   1   0   0   0   0
   1   1   1   0   0   0   0   1
   1   0   0   0   1   1   0   0
   1   1   1   0   0   1   0   1

cnt =  19
percept =

   2   4   1

action = s
e =

   0   0   0   0   0   0   0   0
   1   1   1   0   0   0   0   0
   1   1   1   0   0   0   0   1
   1   0   0   0   1   1   0   0
   1   1   1   0   0   1   0   1

cnt =  20
percept =

   2   4   0

action = l
e =

   0   0   0   0   0   0   0   0
   1   1   1   0   0   0   0   0
   1   1   1   0   0   0   0   1
   1   0   0   0   1   1   0   0
   1   1   1   0   0   1   0   1

cnt =  21
percept =

   2   3   1

action = s
e =

   0   0   0   0   0   0   0   0
   1   1   0   0   0   0   0   0
   1   1   1   0   0   0   0   1
   1   0   0   0   1   1   0   0
   1   1   1   0   0   1   0   1

cnt =  22
percept =

   2   3   0

action = l
e =

   0   0   0   0   0   0   0   0
   1   1   0   0   0   0   0   0
   1   1   1   0   0   0   0   1
   1   0   0   0   1   1   0   0
   1   1   1   0   0   1   0   1

cnt =  23
percept =

   2   2   1

action = s
e =

   0   0   0   0   0   0   0   0
   1   0   0   0   0   0   0   0
   1   1   1   0   0   0   0   1
   1   0   0   0   1   1   0   0
   1   1   1   0   0   1   0   1

cnt =  24
percept =

   2   2   0

action = l
e =

   0   0   0   0   0   0   0   0
   1   0   0   0   0   0   0   0
   1   1   1   0   0   0   0   1
   1   0   0   0   1   1   0   0
   1   1   1   0   0   1   0   1

cnt =  25
percept =

   2   1   1

action = s
e =

   0   0   0   0   0   0   0   0
   0   0   0   0   0   0   0   0
   1   1   1   0   0   0   0   1
   1   0   0   0   1   1   0   0
   1   1   1   0   0   1   0   1

cnt =  26
percept =

   2   1   0

action = d
e =

   0   0   0   0   0   0   0   0
   0   0   0   0   0   0   0   0
   1   1   1   0   0   0   0   1
   1   0   0   0   1   1   0   0
   1   1   1   0   0   1   0   1

cnt =  27
percept =

   3   1   1

action = s
e =

   0   0   0   0   0   0   0   0
   0   0   0   0   0   0   0   0
   0   1   1   0   0   0   0   1
   1   0   0   0   1   1   0   0
   1   1   1   0   0   1   0   1

cnt =  28
percept =

   3   1   0

action = r
e =

   0   0   0   0   0   0   0   0
   0   0   0   0   0   0   0   0
   0   1   1   0   0   0   0   1
   1   0   0   0   1   1   0   0
   1   1   1   0   0   1   0   1

cnt =  29
percept =

   3   2   1

action = s
e =

   0   0   0   0   0   0   0   0
   0   0   0   0   0   0   0   0
   0   0   1   0   0   0   0   1
   1   0   0   0   1   1   0   0
   1   1   1   0   0   1   0   1

cnt =  30
percept =

   3   2   0

action = r
e =

   0   0   0   0   0   0   0   0
   0   0   0   0   0   0   0   0
   0   0   1   0   0   0   0   1
   1   0   0   0   1   1   0   0
   1   1   1   0   0   1   0   1

cnt =  31
percept =

   3   3   1

action = s
e =

   0   0   0   0   0   0   0   0
   0   0   0   0   0   0   0   0
   0   0   0   0   0   0   0   1
   1   0   0   0   1   1   0   0
   1   1   1   0   0   1   0   1

cnt =  32
percept =

   3   3   0

action = r
e =

   0   0   0   0   0   0   0   0
   0   0   0   0   0   0   0   0
   0   0   0   0   0   0   0   1
   1   0   0   0   1   1   0   0
   1   1   1   0   0   1   0   1

cnt =  33
percept =

   3   4   0

action = r
e =

   0   0   0   0   0   0   0   0
   0   0   0   0   0   0   0   0
   0   0   0   0   0   0   0   1
   1   0   0   0   1   1   0   0
   1   1   1   0   0   1   0   1

cnt =  34
percept =

   3   5   0

action = r
e =

   0   0   0   0   0   0   0   0
   0   0   0   0   0   0   0   0
   0   0   0   0   0   0   0   1
   1   0   0   0   1   1   0   0
   1   1   1   0   0   1   0   1

cnt =  35
percept =

   3   6   0

action = r
e =

   0   0   0   0   0   0   0   0
   0   0   0   0   0   0   0   0
   0   0   0   0   0   0   0   1
   1   0   0   0   1   1   0   0
   1   1   1   0   0   1   0   1

cnt =  36
percept =

   3   7   0

action = r
e =

   0   0   0   0   0   0   0   0
   0   0   0   0   0   0   0   0
   0   0   0   0   0   0   0   1
   1   0   0   0   1   1   0   0
   1   1   1   0   0   1   0   1

cnt =  37
